                -95.3543323191
         -0.000181010      -0.000000000       0.000000000
         -0.000000000      -0.000170871       0.000000000
          0.000000000      -0.000000000       0.000002433
           8
  1     6       0.001796042       0.000000000       0.000000000  C
  1     6      -0.001527625      -0.000000000      -0.000000000  C
  1     6       0.001527625      -0.000000000      -0.000000000  C
  1     6      -0.001796042       0.000000000      -0.000000000  C
  1     6       0.001796042       0.000000000       0.000000000  C
  1     6      -0.001527625      -0.000000000      -0.000000000  C
  1     6       0.001527625       0.000000000      -0.000000000  C
  1     6      -0.001796042      -0.000000000       0.000000000  C
