   510
     1    0.000000   -0.533234    0.000000       0.001000
     2    0.003848   -0.533234    0.000000       0.002000
     3    0.007697   -0.533234    0.000000       0.002000
     4    0.011545   -0.533234    0.000000       0.002000
     5    0.015393   -0.533234    0.000000       0.002000
     6    0.019241   -0.533234    0.000000       0.002000
     7    0.023090   -0.533234    0.000000       0.002000
     8    0.026938   -0.533234    0.000000       0.002000
     9    0.030786   -0.533234    0.000000       0.002000
    10    0.034635   -0.533234    0.000000       0.002000
    11    0.038483   -0.533234    0.000000       0.002000
    12    0.042331   -0.533234    0.000000       0.002000
    13    0.046179   -0.533234    0.000000       0.002000
    14    0.050028   -0.533234    0.000000       0.002000
    15    0.053876   -0.533234    0.000000       0.002000
    16    0.057724   -0.533234    0.000000       0.002000
    17    0.061573   -0.533234    0.000000       0.002000
    18    0.065421   -0.533234    0.000000       0.002000
    19    0.069269   -0.533234    0.000000       0.002000
    20    0.073117   -0.533234    0.000000       0.002000
    21    0.076966   -0.533234    0.000000       0.002000
    22    0.080814   -0.533234    0.000000       0.002000
    23    0.084662   -0.533234    0.000000       0.002000
    24    0.088511   -0.533234    0.000000       0.002000
    25    0.092359   -0.533234    0.000000       0.002000
    26    0.096207   -0.533234    0.000000       0.002000
    27    0.100055   -0.533234    0.000000       0.002000
    28    0.103904   -0.533234    0.000000       0.002000
    29    0.107752   -0.533234    0.000000       0.002000
    30    0.111600   -0.533234    0.000000       0.002000
    31    0.115449   -0.533234    0.000000       0.002000
    32    0.119297   -0.533234    0.000000       0.002000
    33    0.123145   -0.533234    0.000000       0.002000
    34    0.126993   -0.533234    0.000000       0.002000
    35    0.130842   -0.533234    0.000000       0.002000
    36    0.134690   -0.533234    0.000000       0.002000
    37    0.138538   -0.533234    0.000000       0.002000
    38    0.142386   -0.533234    0.000000       0.002000
    39    0.146235   -0.533234    0.000000       0.002000
    40    0.150083   -0.533234    0.000000       0.002000
    41    0.153931   -0.533234    0.000000       0.002000
    42    0.157780   -0.533234    0.000000       0.002000
    43    0.161628   -0.533234    0.000000       0.002000
    44    0.165476   -0.533234    0.000000       0.002000
    45    0.169324   -0.533234    0.000000       0.002000
    46    0.173173   -0.533234    0.000000       0.002000
    47    0.177021   -0.533234    0.000000       0.002000
    48    0.180869   -0.533234    0.000000       0.002000
    49    0.184718   -0.533234    0.000000       0.002000
    50    0.188566   -0.533234    0.000000       0.002000
    51    0.192414   -0.533234    0.000000       0.001000
    52    0.000000   -0.399925    0.000000       0.001000
    53    0.003848   -0.399925    0.000000       0.002000
    54    0.007697   -0.399925    0.000000       0.002000
    55    0.011545   -0.399925    0.000000       0.002000
    56    0.015393   -0.399925    0.000000       0.002000
    57    0.019241   -0.399925    0.000000       0.002000
    58    0.023090   -0.399925    0.000000       0.002000
    59    0.026938   -0.399925    0.000000       0.002000
    60    0.030786   -0.399925    0.000000       0.002000
    61    0.034635   -0.399925    0.000000       0.002000
    62    0.038483   -0.399925    0.000000       0.002000
    63    0.042331   -0.399925    0.000000       0.002000
    64    0.046179   -0.399925    0.000000       0.002000
    65    0.050028   -0.399925    0.000000       0.002000
    66    0.053876   -0.399925    0.000000       0.002000
    67    0.057724   -0.399925    0.000000       0.002000
    68    0.061573   -0.399925    0.000000       0.002000
    69    0.065421   -0.399925    0.000000       0.002000
    70    0.069269   -0.399925    0.000000       0.002000
    71    0.073117   -0.399925    0.000000       0.002000
    72    0.076966   -0.399925    0.000000       0.002000
    73    0.080814   -0.399925    0.000000       0.002000
    74    0.084662   -0.399925    0.000000       0.002000
    75    0.088511   -0.399925    0.000000       0.002000
    76    0.092359   -0.399925    0.000000       0.002000
    77    0.096207   -0.399925    0.000000       0.002000
    78    0.100055   -0.399925    0.000000       0.002000
    79    0.103904   -0.399925    0.000000       0.002000
    80    0.107752   -0.399925    0.000000       0.002000
    81    0.111600   -0.399925    0.000000       0.002000
    82    0.115449   -0.399925    0.000000       0.002000
    83    0.119297   -0.399925    0.000000       0.002000
    84    0.123145   -0.399925    0.000000       0.002000
    85    0.126993   -0.399925    0.000000       0.002000
    86    0.130842   -0.399925    0.000000       0.002000
    87    0.134690   -0.399925    0.000000       0.002000
    88    0.138538   -0.399925    0.000000       0.002000
    89    0.142386   -0.399925    0.000000       0.002000
    90    0.146235   -0.399925    0.000000       0.002000
    91    0.150083   -0.399925    0.000000       0.002000
    92    0.153931   -0.399925    0.000000       0.002000
    93    0.157780   -0.399925    0.000000       0.002000
    94    0.161628   -0.399925    0.000000       0.002000
    95    0.165476   -0.399925    0.000000       0.002000
    96    0.169324   -0.399925    0.000000       0.002000
    97    0.173173   -0.399925    0.000000       0.002000
    98    0.177021   -0.399925    0.000000       0.002000
    99    0.180869   -0.399925    0.000000       0.002000
   100    0.184718   -0.399925    0.000000       0.002000
   101    0.188566   -0.399925    0.000000       0.002000
   102    0.192414   -0.399925    0.000000       0.001000
   103    0.000000   -0.266617    0.000000       0.001000
   104    0.003848   -0.266617    0.000000       0.002000
   105    0.007697   -0.266617    0.000000       0.002000
   106    0.011545   -0.266617    0.000000       0.002000
   107    0.015393   -0.266617    0.000000       0.002000
   108    0.019241   -0.266617    0.000000       0.002000
   109    0.023090   -0.266617    0.000000       0.002000
   110    0.026938   -0.266617    0.000000       0.002000
   111    0.030786   -0.266617    0.000000       0.002000
   112    0.034635   -0.266617    0.000000       0.002000
   113    0.038483   -0.266617    0.000000       0.002000
   114    0.042331   -0.266617    0.000000       0.002000
   115    0.046179   -0.266617    0.000000       0.002000
   116    0.050028   -0.266617    0.000000       0.002000
   117    0.053876   -0.266617    0.000000       0.002000
   118    0.057724   -0.266617    0.000000       0.002000
   119    0.061573   -0.266617    0.000000       0.002000
   120    0.065421   -0.266617    0.000000       0.002000
   121    0.069269   -0.266617    0.000000       0.002000
   122    0.073117   -0.266617    0.000000       0.002000
   123    0.076966   -0.266617    0.000000       0.002000
   124    0.080814   -0.266617    0.000000       0.002000
   125    0.084662   -0.266617    0.000000       0.002000
   126    0.088511   -0.266617    0.000000       0.002000
   127    0.092359   -0.266617    0.000000       0.002000
   128    0.096207   -0.266617    0.000000       0.002000
   129    0.100055   -0.266617    0.000000       0.002000
   130    0.103904   -0.266617    0.000000       0.002000
   131    0.107752   -0.266617    0.000000       0.002000
   132    0.111600   -0.266617    0.000000       0.002000
   133    0.115449   -0.266617    0.000000       0.002000
   134    0.119297   -0.266617    0.000000       0.002000
   135    0.123145   -0.266617    0.000000       0.002000
   136    0.126993   -0.266617    0.000000       0.002000
   137    0.130842   -0.266617    0.000000       0.002000
   138    0.134690   -0.266617    0.000000       0.002000
   139    0.138538   -0.266617    0.000000       0.002000
   140    0.142386   -0.266617    0.000000       0.002000
   141    0.146235   -0.266617    0.000000       0.002000
   142    0.150083   -0.266617    0.000000       0.002000
   143    0.153931   -0.266617    0.000000       0.002000
   144    0.157780   -0.266617    0.000000       0.002000
   145    0.161628   -0.266617    0.000000       0.002000
   146    0.165476   -0.266617    0.000000       0.002000
   147    0.169324   -0.266617    0.000000       0.002000
   148    0.173173   -0.266617    0.000000       0.002000
   149    0.177021   -0.266617    0.000000       0.002000
   150    0.180869   -0.266617    0.000000       0.002000
   151    0.184718   -0.266617    0.000000       0.002000
   152    0.188566   -0.266617    0.000000       0.002000
   153    0.192414   -0.266617    0.000000       0.001000
   154    0.000000   -0.133308    0.000000       0.001000
   155    0.003848   -0.133308    0.000000       0.002000
   156    0.007697   -0.133308    0.000000       0.002000
   157    0.011545   -0.133308    0.000000       0.002000
   158    0.015393   -0.133308    0.000000       0.002000
   159    0.019241   -0.133308    0.000000       0.002000
   160    0.023090   -0.133308    0.000000       0.002000
   161    0.026938   -0.133308    0.000000       0.002000
   162    0.030786   -0.133308    0.000000       0.002000
   163    0.034635   -0.133308    0.000000       0.002000
   164    0.038483   -0.133308    0.000000       0.002000
   165    0.042331   -0.133308    0.000000       0.002000
   166    0.046179   -0.133308    0.000000       0.002000
   167    0.050028   -0.133308    0.000000       0.002000
   168    0.053876   -0.133308    0.000000       0.002000
   169    0.057724   -0.133308    0.000000       0.002000
   170    0.061573   -0.133308    0.000000       0.002000
   171    0.065421   -0.133308    0.000000       0.002000
   172    0.069269   -0.133308    0.000000       0.002000
   173    0.073117   -0.133308    0.000000       0.002000
   174    0.076966   -0.133308    0.000000       0.002000
   175    0.080814   -0.133308    0.000000       0.002000
   176    0.084662   -0.133308    0.000000       0.002000
   177    0.088511   -0.133308    0.000000       0.002000
   178    0.092359   -0.133308    0.000000       0.002000
   179    0.096207   -0.133308    0.000000       0.002000
   180    0.100055   -0.133308    0.000000       0.002000
   181    0.103904   -0.133308    0.000000       0.002000
   182    0.107752   -0.133308    0.000000       0.002000
   183    0.111600   -0.133308    0.000000       0.002000
   184    0.115449   -0.133308    0.000000       0.002000
   185    0.119297   -0.133308    0.000000       0.002000
   186    0.123145   -0.133308    0.000000       0.002000
   187    0.126993   -0.133308    0.000000       0.002000
   188    0.130842   -0.133308    0.000000       0.002000
   189    0.134690   -0.133308    0.000000       0.002000
   190    0.138538   -0.133308    0.000000       0.002000
   191    0.142386   -0.133308    0.000000       0.002000
   192    0.146235   -0.133308    0.000000       0.002000
   193    0.150083   -0.133308    0.000000       0.002000
   194    0.153931   -0.133308    0.000000       0.002000
   195    0.157780   -0.133308    0.000000       0.002000
   196    0.161628   -0.133308    0.000000       0.002000
   197    0.165476   -0.133308    0.000000       0.002000
   198    0.169324   -0.133308    0.000000       0.002000
   199    0.173173   -0.133308    0.000000       0.002000
   200    0.177021   -0.133308    0.000000       0.002000
   201    0.180869   -0.133308    0.000000       0.002000
   202    0.184718   -0.133308    0.000000       0.002000
   203    0.188566   -0.133308    0.000000       0.002000
   204    0.192414   -0.133308    0.000000       0.001000
   205    0.000000    0.000000    0.000000       0.001000
   206    0.003848    0.000000    0.000000       0.002000
   207    0.007697    0.000000    0.000000       0.002000
   208    0.011545    0.000000    0.000000       0.002000
   209    0.015393    0.000000    0.000000       0.002000
   210    0.019241    0.000000    0.000000       0.002000
   211    0.023090    0.000000    0.000000       0.002000
   212    0.026938    0.000000    0.000000       0.002000
   213    0.030786    0.000000    0.000000       0.002000
   214    0.034635    0.000000    0.000000       0.002000
   215    0.038483    0.000000    0.000000       0.002000
   216    0.042331    0.000000    0.000000       0.002000
   217    0.046179    0.000000    0.000000       0.002000
   218    0.050028    0.000000    0.000000       0.002000
   219    0.053876    0.000000    0.000000       0.002000
   220    0.057724    0.000000    0.000000       0.002000
   221    0.061573    0.000000    0.000000       0.002000
   222    0.065421    0.000000    0.000000       0.002000
   223    0.069269    0.000000    0.000000       0.002000
   224    0.073117    0.000000    0.000000       0.002000
   225    0.076966    0.000000    0.000000       0.002000
   226    0.080814    0.000000    0.000000       0.002000
   227    0.084662    0.000000    0.000000       0.002000
   228    0.088511    0.000000    0.000000       0.002000
   229    0.092359    0.000000    0.000000       0.002000
   230    0.096207    0.000000    0.000000       0.002000
   231    0.100055    0.000000    0.000000       0.002000
   232    0.103904    0.000000    0.000000       0.002000
   233    0.107752    0.000000    0.000000       0.002000
   234    0.111600    0.000000    0.000000       0.002000
   235    0.115449    0.000000    0.000000       0.002000
   236    0.119297    0.000000    0.000000       0.002000
   237    0.123145    0.000000    0.000000       0.002000
   238    0.126993    0.000000    0.000000       0.002000
   239    0.130842    0.000000    0.000000       0.002000
   240    0.134690    0.000000    0.000000       0.002000
   241    0.138538    0.000000    0.000000       0.002000
   242    0.142386    0.000000    0.000000       0.002000
   243    0.146235    0.000000    0.000000       0.002000
   244    0.150083    0.000000    0.000000       0.002000
   245    0.153931    0.000000    0.000000       0.002000
   246    0.157780    0.000000    0.000000       0.002000
   247    0.161628    0.000000    0.000000       0.002000
   248    0.165476    0.000000    0.000000       0.002000
   249    0.169324    0.000000    0.000000       0.002000
   250    0.173173    0.000000    0.000000       0.002000
   251    0.177021    0.000000    0.000000       0.002000
   252    0.180869    0.000000    0.000000       0.002000
   253    0.184718    0.000000    0.000000       0.002000
   254    0.188566    0.000000    0.000000       0.002000
   255    0.192414    0.000000    0.000000       0.001000
   256    0.000000    0.133308    0.000000       0.001000
   257    0.003848    0.133308    0.000000       0.002000
   258    0.007697    0.133308    0.000000       0.002000
   259    0.011545    0.133308    0.000000       0.002000
   260    0.015393    0.133308    0.000000       0.002000
   261    0.019241    0.133308    0.000000       0.002000
   262    0.023090    0.133308    0.000000       0.002000
   263    0.026938    0.133308    0.000000       0.002000
   264    0.030786    0.133308    0.000000       0.002000
   265    0.034635    0.133308    0.000000       0.002000
   266    0.038483    0.133308    0.000000       0.002000
   267    0.042331    0.133308    0.000000       0.002000
   268    0.046179    0.133308    0.000000       0.002000
   269    0.050028    0.133308    0.000000       0.002000
   270    0.053876    0.133308    0.000000       0.002000
   271    0.057724    0.133308    0.000000       0.002000
   272    0.061573    0.133308    0.000000       0.002000
   273    0.065421    0.133308    0.000000       0.002000
   274    0.069269    0.133308    0.000000       0.002000
   275    0.073117    0.133308    0.000000       0.002000
   276    0.076966    0.133308    0.000000       0.002000
   277    0.080814    0.133308    0.000000       0.002000
   278    0.084662    0.133308    0.000000       0.002000
   279    0.088511    0.133308    0.000000       0.002000
   280    0.092359    0.133308    0.000000       0.002000
   281    0.096207    0.133308    0.000000       0.002000
   282    0.100055    0.133308    0.000000       0.002000
   283    0.103904    0.133308    0.000000       0.002000
   284    0.107752    0.133308    0.000000       0.002000
   285    0.111600    0.133308    0.000000       0.002000
   286    0.115449    0.133308    0.000000       0.002000
   287    0.119297    0.133308    0.000000       0.002000
   288    0.123145    0.133308    0.000000       0.002000
   289    0.126993    0.133308    0.000000       0.002000
   290    0.130842    0.133308    0.000000       0.002000
   291    0.134690    0.133308    0.000000       0.002000
   292    0.138538    0.133308    0.000000       0.002000
   293    0.142386    0.133308    0.000000       0.002000
   294    0.146235    0.133308    0.000000       0.002000
   295    0.150083    0.133308    0.000000       0.002000
   296    0.153931    0.133308    0.000000       0.002000
   297    0.157780    0.133308    0.000000       0.002000
   298    0.161628    0.133308    0.000000       0.002000
   299    0.165476    0.133308    0.000000       0.002000
   300    0.169324    0.133308    0.000000       0.002000
   301    0.173173    0.133308    0.000000       0.002000
   302    0.177021    0.133308    0.000000       0.002000
   303    0.180869    0.133308    0.000000       0.002000
   304    0.184718    0.133308    0.000000       0.002000
   305    0.188566    0.133308    0.000000       0.002000
   306    0.192414    0.133308    0.000000       0.001000
   307    0.000000    0.266617    0.000000       0.001000
   308    0.003848    0.266617    0.000000       0.002000
   309    0.007697    0.266617    0.000000       0.002000
   310    0.011545    0.266617    0.000000       0.002000
   311    0.015393    0.266617    0.000000       0.002000
   312    0.019241    0.266617    0.000000       0.002000
   313    0.023090    0.266617    0.000000       0.002000
   314    0.026938    0.266617    0.000000       0.002000
   315    0.030786    0.266617    0.000000       0.002000
   316    0.034635    0.266617    0.000000       0.002000
   317    0.038483    0.266617    0.000000       0.002000
   318    0.042331    0.266617    0.000000       0.002000
   319    0.046179    0.266617    0.000000       0.002000
   320    0.050028    0.266617    0.000000       0.002000
   321    0.053876    0.266617    0.000000       0.002000
   322    0.057724    0.266617    0.000000       0.002000
   323    0.061573    0.266617    0.000000       0.002000
   324    0.065421    0.266617    0.000000       0.002000
   325    0.069269    0.266617    0.000000       0.002000
   326    0.073117    0.266617    0.000000       0.002000
   327    0.076966    0.266617    0.000000       0.002000
   328    0.080814    0.266617    0.000000       0.002000
   329    0.084662    0.266617    0.000000       0.002000
   330    0.088511    0.266617    0.000000       0.002000
   331    0.092359    0.266617    0.000000       0.002000
   332    0.096207    0.266617    0.000000       0.002000
   333    0.100055    0.266617    0.000000       0.002000
   334    0.103904    0.266617    0.000000       0.002000
   335    0.107752    0.266617    0.000000       0.002000
   336    0.111600    0.266617    0.000000       0.002000
   337    0.115449    0.266617    0.000000       0.002000
   338    0.119297    0.266617    0.000000       0.002000
   339    0.123145    0.266617    0.000000       0.002000
   340    0.126993    0.266617    0.000000       0.002000
   341    0.130842    0.266617    0.000000       0.002000
   342    0.134690    0.266617    0.000000       0.002000
   343    0.138538    0.266617    0.000000       0.002000
   344    0.142386    0.266617    0.000000       0.002000
   345    0.146235    0.266617    0.000000       0.002000
   346    0.150083    0.266617    0.000000       0.002000
   347    0.153931    0.266617    0.000000       0.002000
   348    0.157780    0.266617    0.000000       0.002000
   349    0.161628    0.266617    0.000000       0.002000
   350    0.165476    0.266617    0.000000       0.002000
   351    0.169324    0.266617    0.000000       0.002000
   352    0.173173    0.266617    0.000000       0.002000
   353    0.177021    0.266617    0.000000       0.002000
   354    0.180869    0.266617    0.000000       0.002000
   355    0.184718    0.266617    0.000000       0.002000
   356    0.188566    0.266617    0.000000       0.002000
   357    0.192414    0.266617    0.000000       0.001000
   358    0.000000    0.399925    0.000000       0.001000
   359    0.003848    0.399925    0.000000       0.002000
   360    0.007697    0.399925    0.000000       0.002000
   361    0.011545    0.399925    0.000000       0.002000
   362    0.015393    0.399925    0.000000       0.002000
   363    0.019241    0.399925    0.000000       0.002000
   364    0.023090    0.399925    0.000000       0.002000
   365    0.026938    0.399925    0.000000       0.002000
   366    0.030786    0.399925    0.000000       0.002000
   367    0.034635    0.399925    0.000000       0.002000
   368    0.038483    0.399925    0.000000       0.002000
   369    0.042331    0.399925    0.000000       0.002000
   370    0.046179    0.399925    0.000000       0.002000
   371    0.050028    0.399925    0.000000       0.002000
   372    0.053876    0.399925    0.000000       0.002000
   373    0.057724    0.399925    0.000000       0.002000
   374    0.061573    0.399925    0.000000       0.002000
   375    0.065421    0.399925    0.000000       0.002000
   376    0.069269    0.399925    0.000000       0.002000
   377    0.073117    0.399925    0.000000       0.002000
   378    0.076966    0.399925    0.000000       0.002000
   379    0.080814    0.399925    0.000000       0.002000
   380    0.084662    0.399925    0.000000       0.002000
   381    0.088511    0.399925    0.000000       0.002000
   382    0.092359    0.399925    0.000000       0.002000
   383    0.096207    0.399925    0.000000       0.002000
   384    0.100055    0.399925    0.000000       0.002000
   385    0.103904    0.399925    0.000000       0.002000
   386    0.107752    0.399925    0.000000       0.002000
   387    0.111600    0.399925    0.000000       0.002000
   388    0.115449    0.399925    0.000000       0.002000
   389    0.119297    0.399925    0.000000       0.002000
   390    0.123145    0.399925    0.000000       0.002000
   391    0.126993    0.399925    0.000000       0.002000
   392    0.130842    0.399925    0.000000       0.002000
   393    0.134690    0.399925    0.000000       0.002000
   394    0.138538    0.399925    0.000000       0.002000
   395    0.142386    0.399925    0.000000       0.002000
   396    0.146235    0.399925    0.000000       0.002000
   397    0.150083    0.399925    0.000000       0.002000
   398    0.153931    0.399925    0.000000       0.002000
   399    0.157780    0.399925    0.000000       0.002000
   400    0.161628    0.399925    0.000000       0.002000
   401    0.165476    0.399925    0.000000       0.002000
   402    0.169324    0.399925    0.000000       0.002000
   403    0.173173    0.399925    0.000000       0.002000
   404    0.177021    0.399925    0.000000       0.002000
   405    0.180869    0.399925    0.000000       0.002000
   406    0.184718    0.399925    0.000000       0.002000
   407    0.188566    0.399925    0.000000       0.002000
   408    0.192414    0.399925    0.000000       0.001000
   409    0.000000    0.533234    0.000000       0.001000
   410    0.003848    0.533234    0.000000       0.002000
   411    0.007697    0.533234    0.000000       0.002000
   412    0.011545    0.533234    0.000000       0.002000
   413    0.015393    0.533234    0.000000       0.002000
   414    0.019241    0.533234    0.000000       0.002000
   415    0.023090    0.533234    0.000000       0.002000
   416    0.026938    0.533234    0.000000       0.002000
   417    0.030786    0.533234    0.000000       0.002000
   418    0.034635    0.533234    0.000000       0.002000
   419    0.038483    0.533234    0.000000       0.002000
   420    0.042331    0.533234    0.000000       0.002000
   421    0.046179    0.533234    0.000000       0.002000
   422    0.050028    0.533234    0.000000       0.002000
   423    0.053876    0.533234    0.000000       0.002000
   424    0.057724    0.533234    0.000000       0.002000
   425    0.061573    0.533234    0.000000       0.002000
   426    0.065421    0.533234    0.000000       0.002000
   427    0.069269    0.533234    0.000000       0.002000
   428    0.073117    0.533234    0.000000       0.002000
   429    0.076966    0.533234    0.000000       0.002000
   430    0.080814    0.533234    0.000000       0.002000
   431    0.084662    0.533234    0.000000       0.002000
   432    0.088511    0.533234    0.000000       0.002000
   433    0.092359    0.533234    0.000000       0.002000
   434    0.096207    0.533234    0.000000       0.002000
   435    0.100055    0.533234    0.000000       0.002000
   436    0.103904    0.533234    0.000000       0.002000
   437    0.107752    0.533234    0.000000       0.002000
   438    0.111600    0.533234    0.000000       0.002000
   439    0.115449    0.533234    0.000000       0.002000
   440    0.119297    0.533234    0.000000       0.002000
   441    0.123145    0.533234    0.000000       0.002000
   442    0.126993    0.533234    0.000000       0.002000
   443    0.130842    0.533234    0.000000       0.002000
   444    0.134690    0.533234    0.000000       0.002000
   445    0.138538    0.533234    0.000000       0.002000
   446    0.142386    0.533234    0.000000       0.002000
   447    0.146235    0.533234    0.000000       0.002000
   448    0.150083    0.533234    0.000000       0.002000
   449    0.153931    0.533234    0.000000       0.002000
   450    0.157780    0.533234    0.000000       0.002000
   451    0.161628    0.533234    0.000000       0.002000
   452    0.165476    0.533234    0.000000       0.002000
   453    0.169324    0.533234    0.000000       0.002000
   454    0.173173    0.533234    0.000000       0.002000
   455    0.177021    0.533234    0.000000       0.002000
   456    0.180869    0.533234    0.000000       0.002000
   457    0.184718    0.533234    0.000000       0.002000
   458    0.188566    0.533234    0.000000       0.002000
   459    0.192414    0.533234    0.000000       0.001000
   460    0.000000    0.666542    0.000000       0.001000
   461    0.003848    0.666542    0.000000       0.002000
   462    0.007697    0.666542    0.000000       0.002000
   463    0.011545    0.666542    0.000000       0.002000
   464    0.015393    0.666542    0.000000       0.002000
   465    0.019241    0.666542    0.000000       0.002000
   466    0.023090    0.666542    0.000000       0.002000
   467    0.026938    0.666542    0.000000       0.002000
   468    0.030786    0.666542    0.000000       0.002000
   469    0.034635    0.666542    0.000000       0.002000
   470    0.038483    0.666542    0.000000       0.002000
   471    0.042331    0.666542    0.000000       0.002000
   472    0.046179    0.666542    0.000000       0.002000
   473    0.050028    0.666542    0.000000       0.002000
   474    0.053876    0.666542    0.000000       0.002000
   475    0.057724    0.666542    0.000000       0.002000
   476    0.061573    0.666542    0.000000       0.002000
   477    0.065421    0.666542    0.000000       0.002000
   478    0.069269    0.666542    0.000000       0.002000
   479    0.073117    0.666542    0.000000       0.002000
   480    0.076966    0.666542    0.000000       0.002000
   481    0.080814    0.666542    0.000000       0.002000
   482    0.084662    0.666542    0.000000       0.002000
   483    0.088511    0.666542    0.000000       0.002000
   484    0.092359    0.666542    0.000000       0.002000
   485    0.096207    0.666542    0.000000       0.002000
   486    0.100055    0.666542    0.000000       0.002000
   487    0.103904    0.666542    0.000000       0.002000
   488    0.107752    0.666542    0.000000       0.002000
   489    0.111600    0.666542    0.000000       0.002000
   490    0.115449    0.666542    0.000000       0.002000
   491    0.119297    0.666542    0.000000       0.002000
   492    0.123145    0.666542    0.000000       0.002000
   493    0.126993    0.666542    0.000000       0.002000
   494    0.130842    0.666542    0.000000       0.002000
   495    0.134690    0.666542    0.000000       0.002000
   496    0.138538    0.666542    0.000000       0.002000
   497    0.142386    0.666542    0.000000       0.002000
   498    0.146235    0.666542    0.000000       0.002000
   499    0.150083    0.666542    0.000000       0.002000
   500    0.153931    0.666542    0.000000       0.002000
   501    0.157780    0.666542    0.000000       0.002000
   502    0.161628    0.666542    0.000000       0.002000
   503    0.165476    0.666542    0.000000       0.002000
   504    0.169324    0.666542    0.000000       0.002000
   505    0.173173    0.666542    0.000000       0.002000
   506    0.177021    0.666542    0.000000       0.002000
   507    0.180869    0.666542    0.000000       0.002000
   508    0.184718    0.666542    0.000000       0.002000
   509    0.188566    0.666542    0.000000       0.002000
   510    0.192414    0.666542    0.000000       0.001000
