               -286.0611358597
         -0.000133511      -0.000000001      -0.000000000
         -0.000000001      -0.000138610      -0.000000000
          0.000000000       0.000000000       0.000001332
          24
  1     6       0.001893974       0.000000000       0.000000000  C
  1     6      -0.000814860      -0.000000000       0.000000000  C
  1     6       0.000098190      -0.000000000      -0.000000000  C
  1     6      -0.001858476       0.000000000      -0.000000000  C
  1     6       0.000092101       0.000000000      -0.000000000  C
  1     6       0.002258964       0.000000005      -0.000000000  C
  1     6      -0.053851838      -0.000000007       0.000000000  C
  1     6       0.042015580      -0.000000080       0.000000000  C
  1     6      -0.003192936      -0.000000535      -0.000000000  C
  1     6      -0.000953729       0.000000527      -0.000000000  C
  1     6       0.002646426      -0.000000529      -0.000000000  C
  1     6      -0.000998658       0.000000534       0.000000000  C
  1     6       0.001280434      -0.000000518       0.000000000  C
  1     6      -0.001201555       0.000000523       0.000000000  C
  1     6      -0.000083409      -0.000000524      -0.000000000  C
  1     6      -0.007196627       0.000000519      -0.000000000  C
  1     6      -0.031194044       0.000000079       0.000000000  C
  1     6       0.051574799       0.000000010       0.000000000  C
  1     6      -0.002300262      -0.000000005       0.000000000  C
  1     6       0.000359475      -0.000000000      -0.000000000  C
  1     6       0.001294476      -0.000000000       0.000000000  C
  1     6      -0.000633714       0.000000000      -0.000000000  C
  1     6       0.002707830      -0.000000000      -0.000000000  C
  1     6       0.001829367      -0.000000000       0.000000000  C
