    26
     1    0.000000    0.000000    0.000000       0.020000
     2    0.020000    0.000000    0.000000       0.040000
     3    0.040000    0.000000    0.000000       0.040000
     4    0.060000    0.000000    0.000000       0.040000
     5    0.080000    0.000000    0.000000       0.040000
     6    0.100000    0.000000    0.000000       0.040000
     7    0.120000    0.000000    0.000000       0.040000
     8    0.140000    0.000000    0.000000       0.040000
     9    0.160000    0.000000    0.000000       0.040000
    10    0.180000    0.000000    0.000000       0.040000
    11    0.200000    0.000000    0.000000       0.040000
    12    0.220000    0.000000    0.000000       0.040000
    13    0.240000    0.000000    0.000000       0.040000
    14    0.260000    0.000000    0.000000       0.040000
    15    0.280000    0.000000    0.000000       0.040000
    16    0.300000    0.000000    0.000000       0.040000
    17    0.320000    0.000000    0.000000       0.040000
    18    0.340000    0.000000    0.000000       0.040000
    19    0.360000    0.000000    0.000000       0.040000
    20    0.380000    0.000000    0.000000       0.040000
    21    0.400000    0.000000    0.000000       0.040000
    22    0.420000    0.000000    0.000000       0.040000
    23    0.440000    0.000000    0.000000       0.040000
    24    0.460000    0.000000    0.000000       0.040000
    25    0.480000    0.000000    0.000000       0.040000
    26    0.500000    0.000000    0.000000       0.020000
