               -286.0593867801
         -0.000083787      -0.000000263      -0.000000000
         -0.000000265      -0.000104932      -0.000000000
          0.000000000      -0.000000000       0.000001112
          24
  1     6       0.001957542       0.000000000      -0.000000000  C
  1     6       0.000156207      -0.000000000      -0.000000000  C
  1     6      -0.000369326      -0.000000000      -0.000000000  C
  1     6      -0.001027764       0.000000000      -0.000000000  C
  1     6      -0.000730005       0.000000014      -0.000000000  C
  1     6       0.006289478       0.000002119      -0.000000000  C
  1     6      -0.109050780      -0.000010050       0.000000000  C
  1     6       0.085381563      -0.000028878       0.000000000  C
  1     6      -0.009859542      -0.000189699      -0.000000000  C
  1     6       0.000862103       0.000191593      -0.000000000  C
  1     6       0.000696796      -0.000193443       0.000000000  C
  1     6       0.001061654       0.000196241      -0.000000000  C
  1     6      -0.000672306      -0.000199361      -0.000000000  C
  1     6       0.000779390       0.000202301      -0.000000000  C
  1     6      -0.002088598      -0.000205221      -0.000000000  C
  1     6      -0.010923451       0.000211293      -0.000000000  C
  1     6      -0.063729041       0.000030220       0.000000000  C
  1     6       0.104945943      -0.000004484       0.000000000  C
  1     6      -0.006040858      -0.000002679      -0.000000000  C
  1     6       0.001152616      -0.000000007       0.000000000  C
  1     6       0.000528310      -0.000000000       0.000000000  C
  1     6       0.000124368       0.000000000      -0.000000000  C
  1     6       0.002212399       0.000000000       0.000000000  C
  1     6       0.005297009      -0.000000000       0.000000000  C
