               -286.0620362970
         -0.000181671      -0.000000000      -0.000000000
          0.000000000      -0.000173889       0.000000000
         -0.000000000      -0.000000000       0.000001531
          24
  1     6       0.001830248       0.000000000      -0.000000000  C
  1     6      -0.001785971       0.000000000      -0.000000000  C
  1     6       0.000566121       0.000000000      -0.000000000  C
  1     6      -0.002688518       0.000000000      -0.000000000  C
  1     6       0.000915071       0.000000000       0.000000000  C
  1     6      -0.001790530      -0.000000000      -0.000000000  C
  1     6       0.001454441       0.000000000       0.000000000  C
  1     6      -0.000413796       0.000000000       0.000000000  C
  1     6       0.002031925       0.000000000      -0.000000000  C
  1     6      -0.001366583       0.000000000       0.000000000  C
  1     6       0.003177149      -0.000000000      -0.000000000  C
  1     6      -0.001613271       0.000000000      -0.000000000  C
  1     6       0.001805131      -0.000000000      -0.000000000  C
  1     6      -0.001761227       0.000000000       0.000000000  C
  1     6       0.000540670       0.000000000       0.000000000  C
  1     6      -0.002662201      -0.000000000      -0.000000000  C
  1     6       0.000887572       0.000000000       0.000000000  C
  1     6      -0.001786578      -0.000000000       0.000000000  C
  1     6       0.001453879       0.000000000      -0.000000000  C
  1     6      -0.000435287       0.000000000      -0.000000000  C
  1     6       0.002059530      -0.000000000      -0.000000000  C
  1     6      -0.001392607       0.000000000      -0.000000000  C
  1     6       0.003202642      -0.000000000      -0.000000000  C
  1     6      -0.001638717      -0.000000000       0.000000000  C
